CNN metrics: 
Accuracy:               0.82
Precision:              0.875
Recall:                 0.7777777777777778
F1:                             0.823529411764706
NN metrics:
Accuracy:               0.87
Precision:              0.9019607843137255
Recall:                 0.8518518518518519
F1:                             0.8761904761904761